1000 100
10 100
1000
10 10
10 20
10 30
10 40
10 50
10 60
10 70
10 80
10 90
10 100
20 10
20 20
20 30
20 40
20 50
20 60
20 70
20 80
20 90
20 100
30 10
30 20
30 30
30 40
30 50
30 60
30 70
30 80
30 90
30 100
40 10
40 20
40 30
40 40
40 50
40 60
40 70
40 80
40 90
40 100
50 10
50 20
50 30
50 40
50 50
50 60
50 70
50 80
50 90
50 100
60 10
60 20
60 30
60 40
60 50
60 60
60 70
60 80
60 90
60 100
70 10
70 20
70 30
70 40
70 50
70 60
70 70
70 80
70 90
70 100
80 10
80 20
80 30
80 40
80 50
80 60
80 70
80 80
80 90
80 100
90 10
90 20
90 30
90 40
90 50
90 60
90 70
90 80
90 90
90 100
100 10
100 20
100 30
100 40
100 50
100 60
100 70
100 80
100 90
100 100
110 10
110 20
110 30
110 40
110 50
110 60
110 70
110 80
110 90
110 100
120 10
120 20
120 30
120 40
120 50
120 60
120 70
120 80
120 90
120 100
130 10
130 20
130 30
130 40
130 50
130 60
130 70
130 80
130 90
130 100
140 10
140 20
140 30
140 40
140 50
140 60
140 70
140 80
140 90
140 100
150 10
150 20
150 30
150 40
150 50
150 60
150 70
150 80
150 90
150 100
160 10
160 20
160 30
160 40
160 50
160 60
160 70
160 80
160 90
160 100
170 10
170 20
170 30
170 40
170 50
170 60
170 70
170 80
170 90
170 100
180 10
180 20
180 30
180 40
180 50
180 60
180 70
180 80
180 90
180 100
190 10
190 20
190 30
190 40
190 50
190 60
190 70
190 80
190 90
190 100
200 10
200 20
200 30
200 40
200 50
200 60
200 70
200 80
200 90
200 100
210 10
210 20
210 30
210 40
210 50
210 60
210 70
210 80
210 90
210 100
220 10
220 20
220 30
220 40
220 50
220 60
220 70
220 80
220 90
220 100
230 10
230 20
230 30
230 40
230 50
230 60
230 70
230 80
230 90
230 100
240 10
240 20
240 30
240 40
240 50
240 60
240 70
240 80
240 90
240 100
250 10
250 20
250 30
250 40
250 50
250 60
250 70
250 80
250 90
250 100
260 10
260 20
260 30
260 40
260 50
260 60
260 70
260 80
260 90
260 100
270 10
270 20
270 30
270 40
270 50
270 60
270 70
270 80
270 90
270 100
280 10
280 20
280 30
280 40
280 50
280 60
280 70
280 80
280 90
280 100
290 10
290 20
290 30
290 40
290 50
290 60
290 70
290 80
290 90
290 100
300 10
300 20
300 30
300 40
300 50
300 60
300 70
300 80
300 90
300 100
310 10
310 20
310 30
310 40
310 50
310 60
310 70
310 80
310 90
310 100
320 10
320 20
320 30
320 40
320 50
320 60
320 70
320 80
320 90
320 100
330 10
330 20
330 30
330 40
330 50
330 60
330 70
330 80
330 90
330 100
340 10
340 20
340 30
340 40
340 50
340 60
340 70
340 80
340 90
340 100
350 10
350 20
350 30
350 40
350 50
350 60
350 70
350 80
350 90
350 100
360 10
360 20
360 30
360 40
360 50
360 60
360 70
360 80
360 90
360 100
370 10
370 20
370 30
370 40
370 50
370 60
370 70
370 80
370 90
370 100
380 10
380 20
380 30
380 40
380 50
380 60
380 70
380 80
380 90
380 100
390 10
390 20
390 30
390 40
390 50
390 60
390 70
390 80
390 90
390 100
400 10
400 20
400 30
400 40
400 50
400 60
400 70
400 80
400 90
400 100
410 10
410 20
410 30
410 40
410 50
410 60
410 70
410 80
410 90
410 100
420 10
420 20
420 30
420 40
420 50
420 60
420 70
420 80
420 90
420 100
430 10
430 20
430 30
430 40
430 50
430 60
430 70
430 80
430 90
430 100
440 10
440 20
440 30
440 40
440 50
440 60
440 70
440 80
440 90
440 100
450 10
450 20
450 30
450 40
450 50
450 60
450 70
450 80
450 90
450 100
460 10
460 20
460 30
460 40
460 50
460 60
460 70
460 80
460 90
460 100
470 10
470 20
470 30
470 40
470 50
470 60
470 70
470 80
470 90
470 100
480 10
480 20
480 30
480 40
480 50
480 60
480 70
480 80
480 90
480 100
490 10
490 20
490 30
490 40
490 50
490 60
490 70
490 80
490 90
490 100
500 10
500 20
500 30
500 40
500 50
500 60
500 70
500 80
500 90
500 100
510 10
510 20
510 30
510 40
510 50
510 60
510 70
510 80
510 90
510 100
520 10
520 20
520 30
520 40
520 50
520 60
520 70
520 80
520 90
520 100
530 10
530 20
530 30
530 40
530 50
530 60
530 70
530 80
530 90
530 100
540 10
540 20
540 30
540 40
540 50
540 60
540 70
540 80
540 90
540 100
550 10
550 20
550 30
550 40
550 50
550 60
550 70
550 80
550 90
550 100
560 10
560 20
560 30
560 40
560 50
560 60
560 70
560 80
560 90
560 100
570 10
570 20
570 30
570 40
570 50
570 60
570 70
570 80
570 90
570 100
580 10
580 20
580 30
580 40
580 50
580 60
580 70
580 80
580 90
580 100
590 10
590 20
590 30
590 40
590 50
590 60
590 70
590 80
590 90
590 100
600 10
600 20
600 30
600 40
600 50
600 60
600 70
600 80
600 90
600 100
610 10
610 20
610 30
610 40
610 50
610 60
610 70
610 80
610 90
610 100
620 10
620 20
620 30
620 40
620 50
620 60
620 70
620 80
620 90
620 100
630 10
630 20
630 30
630 40
630 50
630 60
630 70
630 80
630 90
630 100
640 10
640 20
640 30
640 40
640 50
640 60
640 70
640 80
640 90
640 100
650 10
650 20
650 30
650 40
650 50
650 60
650 70
650 80
650 90
650 100
660 10
660 20
660 30
660 40
660 50
660 60
660 70
660 80
660 90
660 100
670 10
670 20
670 30
670 40
670 50
670 60
670 70
670 80
670 90
670 100
680 10
680 20
680 30
680 40
680 50
680 60
680 70
680 80
680 90
680 100
690 10
690 20
690 30
690 40
690 50
690 60
690 70
690 80
690 90
690 100
700 10
700 20
700 30
700 40
700 50
700 60
700 70
700 80
700 90
700 100
710 10
710 20
710 30
710 40
710 50
710 60
710 70
710 80
710 90
710 100
720 10
720 20
720 30
720 40
720 50
720 60
720 70
720 80
720 90
720 100
730 10
730 20
730 30
730 40
730 50
730 60
730 70
730 80
730 90
730 100
740 10
740 20
740 30
740 40
740 50
740 60
740 70
740 80
740 90
740 100
750 10
750 20
750 30
750 40
750 50
750 60
750 70
750 80
750 90
750 100
760 10
760 20
760 30
760 40
760 50
760 60
760 70
760 80
760 90
760 100
770 10
770 20
770 30
770 40
770 50
770 60
770 70
770 80
770 90
770 100
780 10
780 20
780 30
780 40
780 50
780 60
780 70
780 80
780 90
780 100
790 10
790 20
790 30
790 40
790 50
790 60
790 70
790 80
790 90
790 100
800 10
800 20
800 30
800 40
800 50
800 60
800 70
800 80
800 90
800 100
810 10
810 20
810 30
810 40
810 50
810 60
810 70
810 80
810 90
810 100
820 10
820 20
820 30
820 40
820 50
820 60
820 70
820 80
820 90
820 100
830 10
830 20
830 30
830 40
830 50
830 60
830 70
830 80
830 90
830 100
840 10
840 20
840 30
840 40
840 50
840 60
840 70
840 80
840 90
840 100
850 10
850 20
850 30
850 40
850 50
850 60
850 70
850 80
850 90
850 100
860 10
860 20
860 30
860 40
860 50
860 60
860 70
860 80
860 90
860 100
870 10
870 20
870 30
870 40
870 50
870 60
870 70
870 80
870 90
870 100
880 10
880 20
880 30
880 40
880 50
880 60
880 70
880 80
880 90
880 100
890 10
890 20
890 30
890 40
890 50
890 60
890 70
890 80
890 90
890 100
900 10
900 20
900 30
900 40
900 50
900 60
900 70
900 80
900 90
900 100
910 10
910 20
910 30
910 40
910 50
910 60
910 70
910 80
910 90
910 100
920 10
920 20
920 30
920 40
920 50
920 60
920 70
920 80
920 90
920 100
930 10
930 20
930 30
930 40
930 50
930 60
930 70
930 80
930 90
930 100
940 10
940 20
940 30
940 40
940 50
940 60
940 70
940 80
940 90
940 100
950 10
950 20
950 30
950 40
950 50
950 60
950 70
950 80
950 90
950 100
960 10
960 20
960 30
960 40
960 50
960 60
960 70
960 80
960 90
960 100
970 10
970 20
970 30
970 40
970 50
970 60
970 70
970 80
970 90
970 100
980 10
980 20
980 30
980 40
980 50
980 60
980 70
980 80
980 90
980 100
990 10
990 20
990 30
990 40
990 50
990 60
990 70
990 80
990 90
990 100
1000 10
1000 20
1000 30
1000 40
1000 50
1000 60
1000 70
1000 80
1000 90
1000 100
